%YAML:1.0
---
K: !!opencv-matrix
   rows: 3
   cols: 3
   dt: d
   data: [ 2.9816901310307417e+03, 0., 2.3793517572726014e+03, 0.,
       3.2134456424528889e+03, 1.7385789561406420e+03, 0., 0., 1. ]
D: !!opencv-matrix
   rows: 1
   cols: 5
   dt: d
   data: [ 3.5754665355709953e-02, 5.7940671377097540e-02,
       -4.7481994841246664e-04, 1.0643312792544244e-02,
       -8.7021574674092952e-02 ]
