# Camera parameter file. 

# The format of each camera is as follows:
# Filename (of the undistorted image in visualize folder)
# Original filename
# Focal Length (of the undistorted image)
# 2-vec Principal Point (image center)
# 3-vec Translation T (as in P = K[R T])
# 3-vec Camera Position C (as in P = K[R -RC])
# 3-vec Axis Angle format of R
# 4-vec Quaternion format of R
# 3x3 Matrix format of R
# [Normalized radial distortion] = [radial distortion] * [focal length]^2
# 3-vec Lat/Lng/Alt from EXIF

# The nubmer of cameras in this reconstruction
5

00000000.jpg
C:\Users\v_i_b\PycharmProjects\pythonProject1\imgs\00921.jpg
2282.4465332
960 540
-0.0077064656422 0.00405431508105 0.0448882755907
0.0149553967529 -0.00376975646347 -0.0430454395979
-0.0140761169076 0.16710489369 0.0295663826226
0.996377760336 -0.00702955855513 0.0834515401337 0.0147653375766
0.985636195987 -0.0305969464665 0.166090945437
0.0282504694742 0.999465670337 0.0164725902754
-0.166506089183 -0.0115437929619 0.985972698846
-0.457946825464
0 0 0

00000001.jpg
C:\Users\v_i_b\PycharmProjects\pythonProject1\imgs\00951.jpg
2226.74633789
960 540
1.01303554672 0.0956798319699 -0.02428683561
-1.00715745019 -0.122412707006 0.0814450987653
0.00634265683311 -0.0558838535087 -0.0267891283503
0.999514981887 0.00317081568273 -0.0279374091614 -0.0133923985697
0.998080868128 0.0265946986436 -0.0559325915172
-0.0269489134117 0.999621136492 -0.00559028837861
0.0557628445306 0.00708682274017 0.998418791448
-0.377903670679
0 0 0

00000002.jpg
C:\Users\v_i_b\PycharmProjects\pythonProject1\imgs\00941.jpg
2220.23999023
960 540
0.803007800822 0.0558811303301 -0.0709141087689
-0.803006785506 -0.0558810588935 0.0709141618231
0 0 0
1.00000018404 0 0 0
1.00000126491 6.46844825342e-008 5.68280780489e-008
6.46844825342e-008 1.00000032615 -1.7893405091e-008
5.68280780489e-008 -1.7893405091e-008 0.999999881254
-0.39819626707
0 0 0

00000003.jpg
C:\Users\v_i_b\PycharmProjects\pythonProject1\imgs\00961.jpg
2303.15185547
960 540
1.20866887532 0.0831594390456 0.147721509355
-1.21089575602 -0.152780141226 0.00240886577214
-0.0013719944017 -0.124037420277 -0.0575409095413
0.997663720422 -0.000685462890514 -0.0619704049296 -0.0287480460037
0.99066692989 0.0574467979546 -0.123611860879
-0.0572767321692 0.998346167898 0.00493077511155
0.123690638073 0.00219532928131 0.992318498397
-0.353775908458
0 0 0

00000004.jpg
C:\Users\v_i_b\PycharmProjects\pythonProject1\imgs\00931.jpg
2256.50463867
960 540
0.459603726447 0.0526204243122 -0.0225708972462
-0.460806149573 -0.0462979389195 -0.00527815745126
-0.00127363239511 0.0603582648166 0.0137578716257
0.999520896999 -0.000636714494123 0.0301743126167 0.0068778372048
0.998085045123 -0.0137874581888 0.0603109622029
0.0137107098607 0.999904900367 0.00168787896025
-0.0603284618491 -0.000857758808948 0.998178148662
-0.398137005513
0 0 0

