# Camera parameter file. 

# The format of each camera is as follows:
# Filename (of the undistorted image in visualize folder)
# Original filename
# Focal Length (of the undistorted image)
# 2-vec Principal Point (image center)
# 3-vec Translation T (as in P = K[R T])
# 3-vec Camera Position C (as in P = K[R -RC])
# 3-vec Axis Angle format of R
# 4-vec Quaternion format of R
# 3x3 Matrix format of R
# [Normalized radial distortion] = [radial distortion] * [focal length]^2
# 3-vec Lat/Lng/Alt from EXIF

# The nubmer of cameras in this reconstruction
85

00000000.jpg
C:\Users\v_i_b\PycharmProjects\pythonProject1\imgs\00391.jpg
1458.77282715
960 540
0.873825282734 1.01779440599 -1.47435791774
1.55624648064 -0.0284911720999 -1.24518477081
0.0596407177097 -2.54567083562 -0.872759611469
0.223023795735 0.0215986947655 -0.921906534052 -0.316067096033
-0.899588602304 0.101158462776 -0.424867416627
-0.18080347108 0.799272832024 0.573125721858
0.397560961522 0.592393813416 -0.700725775863
-0.0406028469238
0 0 0

00000001.jpg
C:\Users\v_i_b\PycharmProjects\pythonProject1\imgs\00411.jpg
1462.9354248
960 540
1.82786163619 0.846369656554 -1.33775078973
2.24448281482 0.0126632175013 -0.899514376776
0.0347040053748 -2.6377323692 -0.949629980153
0.16815524513 0.0122017771607 -0.927415214209 -0.333885765571
-0.943150008457 0.0896574372966 -0.320047133654
-0.134921133724 0.776744419651 0.615195919455
0.303751797077 0.623403090773 -0.720489665335
-0.0423100155197
0 0 0

00000002.jpg
C:\Users\v_i_b\PycharmProjects\pythonProject1\imgs\00381.jpg
1457.46105957
960 540
0.535699932558 1.11857427313 -1.49847786157
1.35277971591 -0.0730055019164 -1.39580420556
0.0736322082227 -2.4981435207 -0.854415311436
0.247579495276 0.0270100866908 -0.916379865399 -0.313420338584
-0.87594987603 0.105691155855 -0.470684444964
-0.204694641088 0.802076551825 0.561046821856
0.436823013262 0.587795396377 -0.680944249871
-0.0434360529327
0 0 0

00000003.jpg
C:\Users\v_i_b\PycharmProjects\pythonProject1\imgs\00371.jpg
1458.8894043
960 540
0.158356048169 1.23518438346 -1.48143082606
1.16400725867 -0.111942602757 -1.54206010143
0.106149975983 -2.41983377468 -0.852555387602
0.282967221587 0.0396490349327 -0.903853938494 -0.318445652313
-0.836714864534 0.108546630537 -0.536773579163
-0.251892095309 0.794040930768 0.553216536011
0.48627057162 0.598094045025 -0.637044272264
-0.0386916552818
0 0 0

00000004.jpg
C:\Users\v_i_b\PycharmProjects\pythonProject1\imgs\00401.jpg
1461.66442871
960 540
1.33935779222 0.912326899634 -1.43889516637
1.89273026437 0.0107643474698 -1.05549949296
0.0400706296241 -2.58494951954 -0.904680371538
0.199960850947 0.0143344209617 -0.924711064576 -0.323630284902
-0.919621379178 0.102916807679 -0.379090273659
-0.155936740966 0.790120536836 0.592786492891
0.360533771753 0.604251784944 -0.710561790012
-0.0387678351153
0 0 0

00000005.jpg
C:\Users\v_i_b\PycharmProjects\pythonProject1\imgs\00421.jpg
1462.61035156
960 540
2.26227675469 0.772148889833 -1.21559401169
2.55132982486 -0.0164825572087 -0.82596571152
0.00661616552086 -2.70486767323 -0.985588655381
0.131001687835 0.00227840447903 -0.931473464869 -0.339406503633
-0.965666664017 0.0846826680931 -0.245595174448
-0.0931686312591 0.769597193012 0.631696988292
0.242503209836 0.632890887621 -0.735284760133
-0.045176227035
0 0 0

00000006.jpg
C:\Users\v_i_b\PycharmProjects\pythonProject1\imgs\00431.jpg
1460.04211426
960 540
2.6087247042 0.685530421126 -1.09755128603
2.80208086596 -0.0161498505304 -0.792513455689
-0.00753819817741 -2.77200428316 -1.00332030557
0.0966876246221 -0.00254514816397 -0.935921482261 -0.338754537025
-0.981290306761 0.0702735011673 -0.179258779572
-0.0607399848924 0.770491053459 0.634549170998
0.182709320239 0.633564833677 -0.751806759677
-0.0472395909157
0 0 0

00000007.jpg
C:\Users\v_i_b\PycharmProjects\pythonProject1\imgs\00441.jpg
1462.30041504
960 540
2.94642321631 0.473144963795 -0.89891301595
3.02049423887 -0.0152902419066 -0.767914655055
-0.0669187454087 -2.86604061301 -1.02679222058
0.0482076035582 -0.0219500384601 -0.940090871395 -0.336798435097
-0.994389064774 0.0737371525923 -0.0758556742565
0.0087921708395 0.772175426183 0.635350442774
0.105422437891 0.631117807766 -0.768490469246
-0.0398989551133
0 0 0

00000008.jpg
C:\Users\v_i_b\PycharmProjects\pythonProject1\imgs\00461.jpg
1457.71142578
960 540
3.65146949338 -0.151860338087 -0.230735460267
3.58789692839 0.00897671273738 -0.732390368948
0.186664841028 2.82439581044 0.984084174066
0.0724130144464 0.0621278534977 0.940046599905 0.327533760825
-0.981794315789 0.0693643179863 0.176839227408
0.164235145804 0.777740863017 0.606752917882
-0.0954472046688 0.624748378493 -0.774971968583
-0.0388472686128
0 0 0

00000009.jpg
C:\Users\v_i_b\PycharmProjects\pythonProject1\imgs\00471.jpg
1455.77612305
960 540
3.87472152895 -0.520146242189 0.0892411470201
3.83203665975 0.0130810983509 -0.77926891026
0.262136335102 2.71986370612 0.929045126528
0.127427165452 0.0900885170751 0.934736833929 0.319285373819
-0.951293836317 0.0870420992167 0.295748075176
0.249784619841 0.77988596282 0.573921706844
-0.180695385589 0.619840604327 -0.763641396522
-0.0394068632778
0 0 0

00000010.jpg
C:\Users\v_i_b\PycharmProjects\pythonProject1\imgs\00481.jpg
1455.4909668
960 540
3.99427956847 -0.808252658767 0.352186807807
4.00695342008 0.0380250251267 -0.821233448369
0.306072419452 2.64031781445 0.885493192486
0.169167732423 0.107673714814 0.928841703155 0.311509092026
-0.919577870748 0.0946321641478 0.381343776601
0.305421311057 0.782736822221 0.542257376819
-0.24717640221 0.615117049526 -0.7486880647
-0.0405267895352
0 0 0

00000011.jpg
C:\Users\v_i_b\PycharmProjects\pythonProject1\imgs\00491.jpg
1452.5456543
960 540
4.1794193865 -1.00620483036 0.517617186808
4.23577457245 0.0460796896877 -0.896643998261
0.334522374699 2.58990366822 0.866626027827
0.193830956794 0.119274124097 0.923431479883 0.308995954252
-0.896406831826 0.100500005247 0.431690984922
0.34007193108 0.780590229601 0.524436191598
-0.284267444197 0.616912261976 -0.733901638528
-0.0395877813897
0 0 0

00000012.jpg
C:\Users\v_i_b\PycharmProjects\pythonProject1\imgs\00511.jpg
1458.4342041
960 540
4.62157317473 -1.45079071335 0.892243417509
4.7670474836 0.0841750488295 -1.23611465617
0.387833593504 2.44845348284 0.858318992214
0.25622354149 0.142902953185 0.902168453927 0.316260171414
-0.827856421385 0.095780426803 0.552703281267
0.41991363141 0.759116184935 0.497410289136
-0.371923903875 0.643870692153 -0.668657750696
-0.025719562041
0 0 0

00000013.jpg
C:\Users\v_i_b\PycharmProjects\pythonProject1\imgs\00521.jpg
1457.47143555
960 540
4.79573690536 -1.61836166214 1.1348389703
4.97839165067 0.0462234559929 -1.45585804091
0.409292212076 2.36965650188 0.856789089986
0.290154240983 0.153432256707 0.888318257657 0.32118637912
-0.784538146597 0.086205916453 0.614059514713
0.458980276644 0.746596123932 0.481593773779
-0.416937724495 0.659669853728 -0.625300043093
-0.0260965088703
0 0 0

00000014.jpg
C:\Users\v_i_b\PycharmProjects\pythonProject1\imgs\00531.jpg
1460.91845703
960 540
5.01595346177 -1.75175401792 1.34298653136
5.19622135899 0.0100671927933 -1.74104343589
0.426347191416 2.31132108162 0.824842197318
0.31965897399 0.162184520799 0.879237648525 0.313773936361
-0.743028742909 0.084596554483 0.663891126164
0.48579917273 0.750483732857 0.448076864683
-0.460333692319 0.655451814746 -0.598727551339
-0.0211908721462
0 0 0

00000015.jpg
C:\Users\v_i_b\PycharmProjects\pythonProject1\imgs\00541.jpg
1457.62512207
960 540
5.1004070656 -1.98700857561 1.62492064962
5.36097498666 0.00435310124637 -1.9653541567
0.449810131506 2.23809856579 0.787980425813
0.35534856735 0.174099170111 0.866256839582 0.304988101842
-0.686833929207 0.084874421486 0.721842937692
0.51838276168 0.753343249612 0.404663871903
-0.509449569918 0.652127434606 -0.561418903134
-0.0235666341183
0 0 0

00000016.jpg
C:\Users\v_i_b\PycharmProjects\pythonProject1\imgs\00551.jpg
1462.42260742
960 540
4.99146788022 -2.44013413969 2.12241026687
5.54833229432 0.0203708269654 -2.14225912795
0.488136642953 2.12010172716 0.741124869337
0.409244283492 0.193786709703 0.841665021204 0.29422120216
-0.589930825738 0.0853901390393 0.802925786927
0.567023519304 0.751759007946 0.336660820982
-0.574860607246 0.653885233633 -0.491904647923
-0.0264139106364
0 0 0

00000017.jpg
C:\Users\v_i_b\PycharmProjects\pythonProject1\imgs\00561.jpg
1463.0958252
960 540
4.84296221062 -2.88154690611 2.58994851733
5.74059849909 4.4408920985e-016 -2.34755527663
0.530714221815 2.00805438776 0.699102173534
0.457377854195 0.215354173614 0.81483192926 0.283682940205
-0.488855543998 0.0914549933349 0.867557338796
0.610456171186 0.746291468571 0.265312974803
-0.623186978541 0.659305894081 -0.420657918542
-0.0280757361225
0 0 0

00000018.jpg
C:\Users\v_i_b\PycharmProjects\pythonProject1\imgs\00571.jpg
1458.08374023
960 540
4.63646600141 -3.25478214629 3.03971697182
5.89589429367 -0.0533279459517 -2.56241066567
0.569320477415 1.90613296593 0.648264524479
0.500907392255 0.23550524716 0.788491426305 0.26816126087
-0.387257692007 0.102738508482 0.916229698365
0.640034340026 0.745252395622 0.186952815086
-0.663615038297 0.658818091956 -0.354361841153
-0.0344788253888
0 0 0

00000019.jpg
C:\Users\v_i_b\PycharmProjects\pythonProject1\imgs\00581.jpg
1452.69262695
960 540
4.59441390627 -3.48312812957 3.33663583299
6.03561388645 -0.105717239128 -2.81677043205
0.594368596048 1.84736790462 0.599701413052
0.527119431387 0.248668099084 0.772889867002 0.250899208661
-0.320617882728 0.11987815921 0.939592003272
0.64889355203 0.750426339842 0.125679323754
-0.690029065605 0.649990471726 -0.318388877331
-0.0400965858617
0 0 0

00000020.jpg
C:\Users\v_i_b\PycharmProjects\pythonProject1\imgs\00591.jpg
1451.99072266
960 540
4.59345279291 -3.66377936716 3.50791908201
6.11873928917 -0.0800674768771 -3.06319979849
0.604428119838 1.79822775267 0.579111811934
0.547220518872 0.255052202326 0.75880312902 0.24436940999
-0.270996031704 0.119619735646 0.955119244111
0.654515556971 0.75046341216 0.0917155240365
-0.705811323825 0.64999471802 -0.28166619536
-0.0410155514304
0 0 0

00000021.jpg
C:\Users\v_i_b\PycharmProjects\pythonProject1\imgs\00601.jpg
1453.01574707
960 540
4.41159099914 -3.90467594963 3.67713056875
6.11121264879 -0.0351557137354 -3.2987509006
0.623263438531 1.71912111037 0.567093673118
0.575758481797 0.266171144515 0.734168579798 0.242183261025
-0.195309706913 0.111949283535 0.974331281053
0.669705550273 0.740999798922 0.0491054669596
-0.716483866498 0.662106643216 -0.219698774563
-0.0338704322102
0 0 0

00000022.jpg
C:\Users\v_i_b\PycharmProjects\pythonProject1\imgs\00611.jpg
1446.47570801
960 540
4.14945667893 -4.10813842167 3.88792268347
6.02573948476 -0.0063607451256 -3.5918145853
0.637912855227 1.61735732263 0.552948001637
0.611997978321 0.276525308204 0.70109926215 0.23969436471
-0.0979837775073 0.0943568190677 0.990705866841
0.681126685536 0.732159359103 -0.00236747676775
-0.725579457313 0.674564241535 -0.136009479719
-0.0311971853335
0 0 0

00000023.jpg
C:\Users\v_i_b\PycharmProjects\pythonProject1\imgs\00621.jpg
1444.31982422
960 540
4.01027134335 -4.21506918028 4.04734481535
5.95252286776 -0.0273871383951 -3.84666099897
0.649493320727 1.55046220987 0.533202463297
0.63578543794 0.284269899919 0.678605496258 0.233371777724
-0.0299348030285 0.0890648330295 0.995576296924
0.682562344641 0.729455539176 -0.044734619188
-0.730213673584 0.678204032064 -0.0826282437634
-0.0355955601813
0 0 0

00000024.jpg
C:\Users\v_i_b\PycharmProjects\pythonProject1\imgs\00631.jpg
1450.55639648
960 540
3.8509535943 -4.24388671702 4.24232846514
5.90050268812 -0.0241171381541 -4.00265190598
0.64023038022 1.49229699026 0.525518160257
0.657441869773 0.282651530847 0.658825388185 0.23200791008
0.024243494673 0.0673717621679 0.997433121707
0.677498618989 0.732560099803 -0.0659491641558
-0.735124458542 0.677358639582 -0.0278843459559
-0.0306246088655
0 0 0

00000025.jpg
C:\Users\v_i_b\PycharmProjects\pythonProject1\imgs\00641.jpg
1449.31555176
960 540
3.5455232395 -4.37796390409 4.45004856096
5.89124310529 8.881784197e-016 -4.10286545811
0.638414281774 1.41785683872 0.526406072474
0.681620119099 0.284551231622 0.631960971485 0.234627420676
0.0911516231231 0.0397962849001 0.995041063969
0.6795033666 0.727960000032 -0.0913616067622
-0.727988186629 0.684461770788 0.0393123238853
-0.0338129528178
0 0 0

00000026.jpg
C:\Users\v_i_b\PycharmProjects\pythonProject1\imgs\00651.jpg
1453.82202148
960 540
3.2963209336 -4.51239602002 4.70964361822
5.92415586428 -0.00364442726363 -4.27931696551
0.638187124716 1.35146269168 0.508630740083
0.704290574506 0.286972435948 0.607709754247 0.228715053668
0.156756777369 0.0266275413243 0.987277994931
0.670954967509 0.730671993056 -0.126239093732
-0.724739012875 0.682208833394 0.0966720829252
-0.0254622294621
0 0 0

00000027.jpg
C:\Users\v_i_b\PycharmProjects\pythonProject1\imgs\00661.jpg
1453.49304199
960 540
2.84618483953 -4.69764494167 5.08749826189
5.95647003251 -0.0233289303155 -4.53554617162
0.643565848537 1.25438672179 0.465331465262
0.736897702198 0.293033558535 0.571157412563 0.211878451093
0.257773578531 0.0224705328328 0.965943473166
0.647001507855 0.738478262042 -0.189839927647
-0.717594866479 0.673903096159 0.175821053448
-0.0328742587558
0 0 0

00000028.jpg
C:\Users\v_i_b\PycharmProjects\pythonProject1\imgs\00671.jpg
1453.04736328
960 540
2.33312902359 -4.90037219849 5.43825442698
5.99735484993 -0.0429266138284 -4.80225024678
0.656512688432 1.15928685499 0.411376128219
0.766662212663 0.30230385913 0.533815867199 0.189426028324
0.358316786287 0.0322975574164 0.933040821409
0.613200669461 0.745460557613 -0.261292148995
-0.703984994196 0.665767633152 0.247306449402
-0.0359746156032
0 0 0

00000029.jpg
C:\Users\v_i_b\PycharmProjects\pythonProject1\imgs\00681.jpg
1453.47912598
960 540
1.75278313738 -5.10223292569 5.72241216128
6.014014695 -0.0287961820957 -5.06772561508
0.676193479263 1.0671828974 0.341981778703
0.793400211644 0.314475623966 0.496312102731 0.159044617466
0.456757329922 0.0597841735134 0.887579008274
0.564528306148 0.751620034047 -0.341138276903
-0.687517501119 0.656881829543 0.309558219378
-0.0441262254267
0 0 0

00000030.jpg
C:\Users\v_i_b\PycharmProjects\pythonProject1\imgs\00691.jpg
1454.87145996
960 540
1.40777664149 -5.21618949211 5.88673477192
6.01990189242 -0.0137295816155 -5.25401886171
0.681591564418 1.00617415897 0.315424050809
0.809331640665 0.31884752228 0.470686778296 0.147554902846
0.513362574448 0.0613128106909 0.855978498372
0.538996217124 0.753127173488 -0.377201779781
-0.667788311699 0.655011773534 0.353581070392
-0.0417165563831
0 0 0

00000031.jpg
C:\Users\v_i_b\PycharmProjects\pythonProject1\imgs\00701.jpg
1453.8170166
960 540
1.09965304998 -5.26969383321 5.98055433168
5.9246174419 0.0110857048745 -5.44470206933
0.686812198509 0.946343844519 0.283848084019
0.824412448543 0.323061141333 0.445139039707 0.133515808524
0.568048873326 0.0674699759327 0.820223624381
0.507758354431 0.755609564812 -0.413804710883
-0.647689038287 0.651537795338 0.394965103114
-0.0443309386307
0 0 0

00000032.jpg
C:\Users\v_i_b\PycharmProjects\pythonProject1\imgs\00711.jpg
1453.55700684
960 540
0.921984402596 -5.30305740844 6.0120750258
5.77227038628 0.0289628429721 -5.63893180412
0.690911842735 0.895688761514 0.264800412338
0.835974176578 0.326352987376 0.423079595686 0.125078773122
0.610718008734 0.0670211379195 0.78900670482
0.485271635391 0.75569821265 -0.439808679312
-0.625727761702 0.651482000269 0.428995074238
-0.0514240114866
0 0 0

00000033.jpg
C:\Users\v_i_b\PycharmProjects\pythonProject1\imgs\00501.jpg
1455.29772949
960 540
4.40208451283 -1.24344373943 0.664915047524
4.50022171304 0.0723863106015 -1.05326330135
0.369696830747 2.52617212561 0.857091120163
0.222369669058 0.133838321 0.914529440694 0.31028569067
-0.86527848401 0.106800651009 0.489782940024
0.382793156401 0.771620292304 0.508006953306
-0.323671496261 0.627053285898 -0.708548729425
-0.032762630836
0 0 0

00000034.jpg
C:\Users\v_i_b\PycharmProjects\pythonProject1\imgs\00731.jpg
1451.24060059
960 540
0.155157909112 -5.3783806059 6.02138538202
5.41447616634 0.00279281860096 -5.99095913182
0.703452790028 0.730251819719 0.248406773269
0.866837609051 0.335970972428 0.348770262151 0.118639752882
0.72856811927 0.0286703936196 0.6843733378
0.440035992526 0.746096060323 -0.499708383117
-0.524935382802 0.665220714684 0.530965582265
-0.047670142321
0 0 0

00000035.jpg
C:\Users\v_i_b\PycharmProjects\pythonProject1\imgs\00741.jpg
1452.52746582
960 540
-0.000320473344718 -5.43956872463 5.99061830387
5.25063631824 0.011326153383 -6.15686839735
0.715150866324 0.684609822512 0.231827913345
0.873525485562 0.342369619376 0.327748472933 0.110984742088
0.760526942746 0.03052628261 0.648588763131
0.418318285499 0.740931739549 -0.525387165505
-0.496597812715 0.670887186524 0.55072841341
-0.0494595079698
0 0 0

00000036.jpg
C:\Users\v_i_b\PycharmProjects\pythonProject1\imgs\00751.jpg
1450.8092041
960 540
-0.342443694551 -5.40065071767 5.9866774757
5.11474461146 -0.0123757856028 -6.24209958962
0.722472650002 0.627328037762 0.204041969475
0.882724380383 0.347001315517 0.301303660925 0.0980007088548
0.799224779661 0.0360901286551 0.599948822204
0.382120588659 0.739972057696 -0.55355720969
-0.463923527385 0.671668875236 0.577612489533
-0.0557943685775
0 0 0

00000037.jpg
C:\Users\v_i_b\PycharmProjects\pythonProject1\imgs\00761.jpg
1452.30236816
960 540
-1.03014479274 -5.23739399809 5.97472342103
4.95517744397 -0.00160394463921 -6.29563660409
0.716734095606 0.527150048031 0.160367882874
0.899563659711 0.346287040241 0.254690311253 0.0774810628521
0.85825894941 0.0369934901568 0.511881714528
0.315790083987 0.748163551486 -0.583546723045
-0.404558879406 0.662482225872 0.630436610595
-0.0550553728114
0 0 0

00000038.jpg
C:\Users\v_i_b\PycharmProjects\pythonProject1\imgs\00771.jpg
1460.21374512
960 540
-1.81867847931 -4.98174680492 5.96639642902
4.7705123829 0.0117065675178 -6.40041491308
0.701195237304 0.407073307156 0.107470833723
0.917542326255 0.34090709005 0.197910894423 0.0522501683421
0.916203405257 0.039055006527 0.39880827188
0.230821970558 0.762104841219 -0.604911737275
-0.32755821796 0.646275000492 0.689227435403
-0.0537792850777
0 0 0

00000039.jpg
C:\Users\v_i_b\PycharmProjects\pythonProject1\imgs\00721.jpg
1451.23156738
960 540
0.522952230211 -5.32476830487 6.0297075632
5.59287024474 0.0345207177829 -5.80539631068
0.693249227759 0.812234077729 0.254683407061
0.853096919294 0.329478886033 0.386028528287 0.121042767722
0.672661509723 0.0478540012403 0.73840139377
0.460898850227 0.75358489289 -0.468702979533
-0.578877599195 0.655606711053 0.48485101222
-0.0464044010011
0 0 0

00000040.jpg
C:\Users\v_i_b\PycharmProjects\pythonProject1\imgs\00451.jpg
1456.23815918
960 540
3.32611030681 0.181577173968 -0.5675976106
3.29368250351 0.00196466934963 -0.754843072025
0.123963298517 2.92966115211 1.02716152694
0.0176941768277 0.0399020647924 0.943017251963 0.330629035293
-0.996190904059 0.0635222201124 0.0597456051281
0.0869230545718 0.77829385827 0.621855357024
-0.00699805090331 0.624679493784 -0.780850618636
-0.0436674149223
0 0 0

00000041.jpg
C:\Users\v_i_b\PycharmProjects\pythonProject1\imgs\00791.jpg
1458.91540527
960 540
-3.10822074289 -4.47993761756 5.8846197491
4.38788447691 0.033287690368 -6.71602372847
0.675603375856 0.19415198922 0.00146715039431
0.938866143643 0.330889509953 0.0950896026653 0.000718564608095
0.981914897782 0.0615790746419 0.179028286455
0.0642776185722 0.78102354232 -0.62118547397
-0.178077347765 0.621458358756 0.762940102616
-0.0507631532388
0 0 0

00000042.jpg
C:\Users\v_i_b\PycharmProjects\pythonProject1\imgs\00801.jpg
1461.14685059
960 540
-3.42632454779 -4.37671556629 5.86866019934
4.23603065052 0.0482133328796 -6.88405641279
0.673716717525 0.134566740568 -0.0363993847892
0.941415183264 0.330254039658 0.0659642376684 -0.0178428760264
0.990660611814 0.0771651627004 0.112414034894
0.00997494508314 0.781227678274 -0.624166268465
-0.13598490468 0.619458400608 0.773161899034
-0.0617200003651
0 0 0

00000043.jpg
C:\Users\v_i_b\PycharmProjects\pythonProject1\imgs\00811.jpg
1458.45031738
960 540
-3.60791751353 -4.34820768179 5.77867337964
4.07429724795 0.0932924050042 -6.97913959867
0.67507315954 0.0900239104558 -0.0568129545621
0.942183954478 0.33100614536 0.0441410937009 -0.0278568875542
0.994551318341 0.0817149979231 0.0647362856154
-0.0232702519778 0.779317887761 -0.626196553827
-0.101619835257 0.621278162142 0.776973210204
-0.0605839546157
0 0 0

00000044.jpg
C:\Users\v_i_b\PycharmProjects\pythonProject1\imgs\00821.jpg
1452.68115234
960 540
-3.85600096758 -4.17520168173 5.60930408766
3.85849662195 0.130115083129 -6.99002270498
0.66668121247 0.0276816552186 -0.0798941431743
0.944077485279 0.327103378174 0.0135818480648 -0.0391996109082
0.996557664883 0.0829003355729 0
-0.0651295447877 0.782933447081 -0.618686453858
-0.051289267866 0.616557284913 0.785638080879
-0.0731673230945
0 0 0

00000045.jpg
C:\Users\v_i_b\PycharmProjects\pythonProject1\imgs\00831.jpg
1446.90466309
960 540
-4.17594662385 -3.88478033027 5.34566477733
3.55608265239 0.136651626105 -6.96001330337
0.654815199493 -0.0614249901138 -0.108816883791
0.944962768316 0.321378731129 -0.0301469565729 -0.0534065673267
0.992477605018 0.0815572037312 -0.0913028865821
-0.120311667098 0.787727053228 -0.604161830801
0.0226481195756 0.610601910982 0.791613875771
-0.0865796705816
0 0 0

00000046.jpg
C:\Users\v_i_b\PycharmProjects\pythonProject1\imgs\00361.jpg
1465.1270752
960 540
-0.408443449127 1.27142741372 -1.46194151998
0.930303920142 -0.0598539917084 -1.74687720627
0.191916330427 -2.29829849714 -0.836571065708
0.337376222022 0.0736402407981 -0.881880423508 -0.321000795431
-0.761508704066 0.0867126806391 -0.64232796546
-0.346479461876 0.783071058132 0.516479509967
0.547773976774 0.615857374884 -0.566271493322
-0.0292473884058
0 0 0

00000047.jpg
C:\Users\v_i_b\PycharmProjects\pythonProject1\imgs\00351.jpg
1460.75878906
960 540
-0.944756829826 1.30077934657 -1.42023546853
0.741138271102 -0.0342627247253 -2.01275963527
0.241592987443 -2.18917648068 -0.821970202466
0.385150678147 0.0948401378722 -0.859386695994 -0.322673965638
-0.685328462031 0.0855474529647 -0.723191703888
-0.411564933779 0.773773330384 0.481548429081
0.600781771122 0.62765940275 -0.495080688844
-0.0303147426361
0 0 0

00000048.jpg
C:\Users\v_i_b\PycharmProjects\pythonProject1\imgs\00341.jpg
1457.06884766
960 540
-1.48303832802 1.24180531258 -1.3467701808
0.588854141709 0.0168555713931 -2.2821566714
0.293680890707 -2.07391211308 -0.791681487009
0.436032232321 0.118028702826 -0.833493646425 -0.318172349375
-0.591890337134 0.0807145675022 -0.801967251967
-0.474219031541 0.769670876022 0.427460886629
0.651753129139 0.633318161714 -0.417284108396
-0.0332875390272
0 0 0

00000049.jpg
C:\Users\v_i_b\PycharmProjects\pythonProject1\imgs\00331.jpg
1456.48864746
960 540
-1.7697033612 1.21737363383 -1.21127544657
0.514537122188 0.0129449523293 -2.41166426858
0.307006764497 -1.99105666772 -0.78250831039
0.470789827861 0.125325128995 -0.812781549381 -0.319432554198
-0.525301177752 0.0970479007684 -0.845363952018
-0.504494488049 0.764512983724 0.401253644019
0.68523319087 0.637260827644 -0.352639557901
-0.0352314171016
0 0 0

00000050.jpg
C:\Users\v_i_b\PycharmProjects\pythonProject1\imgs\00321.jpg
1459.81018066
960 540
-2.07663973428 1.15252940293 -0.990631605715
0.391785217635 2.22044604925e-016 -2.54334637633
0.322835015803 -1.90116233936 -0.773936740298
0.507130493135 0.133905931341 -0.788566609016 -0.321014496371
-0.449775895882 0.114404381702 -0.88578390364
-0.536780577692 0.758038212942 0.370467316701
0.713840789561 0.642098440681 -0.27953696879
-0.0327412883692
0 0 0

00000051.jpg
C:\Users\v_i_b\PycharmProjects\pythonProject1\imgs\00311.jpg
1460.89990234
960 540
-2.47888499891 0.963380878951 -0.716888828367
0.216179149159 -0.00176262116479 -2.7459366107
0.358176692409 -1.80064365172 -0.734077164985
0.549843069917 0.151308656649 -0.760666391251 -0.310104571472
-0.349556459485 0.110826890802 -0.930337267355
-0.571208507492 0.761881656079 0.305380174404
0.742651307639 0.638164239512 -0.203015590448
-0.0321724579481
0 0 0

00000052.jpg
C:\Users\v_i_b\PycharmProjects\pythonProject1\imgs\00291.jpg
1472.26123047
960 540
-3.32080746653 0.509130964282 -0.23752336595
-0.0815098172303 0.0628290699396 -3.36642165433
0.406806819635 -1.63938602966 -0.644224688633
0.618554473704 0.176815500223 -0.712546709895 -0.28000737716
-0.17225356122 0.0944207728848 -0.980517320714
-0.598378490366 0.780664734486 0.180296227624
0.782478499803 0.617776302358 -0.0779726255058
-0.0289686617396
0 0 0

00000053.jpg
C:\Users\v_i_b\PycharmProjects\pythonProject1\imgs\00281.jpg
1470.68884277
960 540
-3.66390508517 0.398943747926 -0.0280956846256
-0.157922478869 0.0358819363807 -3.68210798442
0.424759976758 -1.5861638084 -0.623432712281
0.638530400513 0.186113885674 -0.694997471159 -0.273164824577
-0.115280830891 0.0901511895502 -0.989233576732
-0.607544989824 0.781484633122 0.142019175658
0.785874477725 0.617376671499 -0.0353195127161
-0.0245864309456
0 0 0

00000054.jpg
C:\Users\v_i_b\PycharmProjects\pythonProject1\imgs\00271.jpg
1474.07922363
960 540
-3.9669290473 0.326033712799 0.135775534466
-0.16206079956 -0.00184339936013 -3.97932018999
0.440180696027 -1.5395656398 -0.602728199283
0.655865276499 0.194211060942 -0.679268034683 -0.265928251963
-0.0642454737399 0.0849834763851 -0.994309038737
-0.612668949625 0.783128264446 0.10652063525
0.7877242308 0.616025799984 0.00175425296041
-0.0229298794468
0 0 0

00000055.jpg
C:\Users\v_i_b\PycharmProjects\pythonProject1\imgs\00261.jpg
1472.2644043
960 540
-4.24027976158 0.14524521824 0.307283491332
-0.115571836636 -0.00922665646297 -4.25229922823
0.470568288455 -1.4753011501 -0.570439470066
0.678462464543 0.209480042459 -0.656750901295 -0.253939093096
0.00838670176915 0.069424449561 -0.997551996221
-0.619728122221 0.783265199424 0.0493007207097
0.784771344113 0.617798104228 0.0495933619823
-0.0345690916459
0 0 0

00000056.jpg
C:\Users\v_i_b\PycharmProjects\pythonProject1\imgs\00241.jpg
1471.90441895
960 540
-4.90265490456 -0.587476272373 0.903671053551
0.186687291335 0.0767924823222 -5.01567725629
0.545223301125 -1.25323179089 -0.469661248567
0.750107386405 0.249501071204 -0.573494701434 -0.214922921267
0.249824201165 0.0362553085283 -0.967612451521
-0.608605774473 0.783114193689 -0.12779090844
0.75311799492 0.620819477265 0.217705969706
-0.0409948626573
0 0 0

00000057.jpg
C:\Users\v_i_b\PycharmProjects\pythonProject1\imgs\00231.jpg
1488.28356934
960 540
-5.06545982993 -0.828812230918 1.25739409748
0.305994036708 0.0737757635161 -5.27520488215
0.561796769508 -1.16154601808 -0.447219155052
0.775815214494 0.259575617105 -0.536687002853 -0.206635556583
0.338537519744 0.0420002429786 -0.940014819989
-0.599243791631 0.779844038152 -0.180968074166
0.725464948947 0.62456277808 0.289175430263
-0.0398360988657
0 0 0

00000058.jpg
C:\Users\v_i_b\PycharmProjects\pythonProject1\imgs\00221.jpg
1496.04174805
960 540
-5.21802734572 -0.976974103644 1.47854843039
0.439684646069 0.0721488606917 -5.49270820137
0.57417211064 -1.10151022251 -0.435187800677
0.791155157418 0.26680752493 -0.511852127102 -0.202223998392
0.394225642648 0.0468492921199 -0.917819056774
-0.593112945005 0.775837616585 -0.21515451313
0.701998743995 0.629190084416 0.333642673203
-0.0343435565203
0 0 0

00000059.jpg
C:\Users\v_i_b\PycharmProjects\pythonProject1\imgs\00211.jpg
1506.87365723
960 540
-5.38278913662 -1.13807949771 1.63604271457
0.5342638545 0.0626290824978 -5.71462257305
0.591326008727 -1.06267727515 -0.422745108814
0.799849795702 0.275660757004 -0.495392419399 -0.197072739902
0.431497555032 0.0421368064104 -0.901129783167
-0.588377556586 0.770346324652 -0.245717413098
0.683828318628 0.636231387592 0.357194903052
-0.0348583922252
0 0 0

00000060.jpg
C:\Users\v_i_b\PycharmProjects\pythonProject1\imgs\00201.jpg
1502.73901367
960 540
-5.56429015404 -1.29959547257 1.8941948724
0.680992009348 0.0723461849993 -5.98074150327
0.597704316728 -1.00521687357 -0.412357326544
0.813860852541 0.280068541301 -0.471018220201 -0.193219810712
0.481615589417 0.0506728730223 -0.874916228057
-0.578343286474 0.768455705394 -0.273853633333
0.658456932964 0.63789365384 0.399406654381
-0.0407741519193
0 0 0

00000061.jpg
C:\Users\v_i_b\PycharmProjects\pythonProject1\imgs\00191.jpg
1520.01171875
960 540
-5.71077041001 -1.50282731122 2.3206313247
0.777153267457 0.0378069631701 -6.29692815084
0.596384404772 -0.938545167948 -0.394171119074
0.830998128452 0.281196557096 -0.442526108655 -0.185852548631
0.539259139758 0.0600129339652 -0.839999182785
-0.557759546355 0.772773958225 -0.302858105233
0.63095428955 0.631837145464 0.450198459982
-0.0411737023054
0 0 0

00000062.jpg
C:\Users\v_i_b\PycharmProjects\pythonProject1\imgs\00181.jpg
1524.18212891
960 540
-5.91850584017 -1.58255308626 2.60321322982
0.939297965017 0.0176071615853 -6.58993948174
0.589588961951 -0.89643612834 -0.384478119064
0.841967664954 0.279095383438 -0.424348488715 -0.182001487458
0.57360775007 0.069611502659 -0.816167068262
-0.543345966993 0.777961918885 -0.315514148788
0.612983756417 0.624443004382 0.484068526355
-0.0337991078759
0 0 0

00000063.jpg
C:\Users\v_i_b\PycharmProjects\pythonProject1\imgs\00171.jpg
1519.55078125
960 540
-6.1055775242 -1.65873087018 2.86059058585
1.12984498587 -0.0326600639077 -6.85089580881
0.587805853675 -0.856758574605 -0.369808279071
0.851775239163 0.279232895931 -0.406996930032 -0.175674733517
0.606984130229 0.071977001963 -0.791448370105
-0.526564550664 0.782334556069 -0.332689088798
0.595231259562 0.618685578058 0.51276554591
-0.0350769267679
0 0 0

00000064.jpg
C:\Users\v_i_b\PycharmProjects\pythonProject1\imgs\00251.jpg
1470.86889648
960 540
-4.56458535992 -0.172802989475 0.55990909579
0.00205541253791 0.0144771073151 -4.60202033104
0.514038522923 -1.37499564589 -0.526363987314
0.711104212345 0.231755957987 -0.619921307315 -0.237312934128
0.118760074671 0.0501675042964 -0.991654675631
-0.624849404113 0.779943675446 -0.0353748946713
0.771659936186 0.62383565717 0.123973053141
-0.0397273838532
0 0 0

00000065.jpg
C:\Users\v_i_b\PycharmProjects\pythonProject1\imgs\00161.jpg
1517.44873047
960 540
-6.22897810028 -1.75903126744 2.98359792728
1.2943942936 -0.0667906601118 -7.00830348847
0.596395446962 -0.829400219518 -0.354964461864
0.85732874593 0.283876630837 -0.394783932594 -0.168958559315
0.631197642953 0.065566279546 -0.772845910158
-0.513845839542 0.781733550545 -0.353346982459
0.580992545218 0.6201554012 0.527119120896
-0.034607711151
0 0 0

00000066.jpg
C:\Users\v_i_b\PycharmProjects\pythonProject1\imgs\00301.jpg
1469.13366699
960 540
-2.92843238909 0.701265554928 -0.491615387265
0.0531220419261 0.0555881162232 -3.05012482177
0.391066723257 -1.71200037457 -0.683329054073
0.588025807225 0.167861297229 -0.734858239375 -0.293311843297
-0.252096554822 0.0982415552415 -0.962702637248
-0.591658178452 0.771581693696 0.233671170486
0.765759800368 0.628498269704 -0.136387739024
-0.0233557012129
0 0 0

00000067.jpg
C:\Users\v_i_b\PycharmProjects\pythonProject1\imgs\00151.jpg
1512.81799316
960 540
-6.11419081377 -2.23990187236 3.39338034534
1.53411295523 -0.0722903407277 -7.18030799984
0.626086980104 -0.727273113537 -0.313165082501
0.875308042625 0.299920654802 -0.348392851734 -0.150018575038
0.712233812342 0.0536445447022 -0.699889430597
-0.471605316392 0.775083270672 -0.420515210739
0.519914829867 0.629576634451 0.577339594921
-0.0508840848332
0 0 0

00000068.jpg
C:\Users\v_i_b\PycharmProjects\pythonProject1\imgs\00781.jpg
1459.07653809
960 540
-2.50490692907 -4.75675265318 5.92865454144
4.59352047025 0.0267787657538 -6.55355068712
0.688276435355 0.296120886055 0.0590503709831
0.930214831305 0.336095094261 0.144600006624 0.0288351292915
0.956519100852 0.0435529670263 0.288400826639
0.150844426744 0.77241736717 -0.616942097558
-0.249635456434 0.633620468085 0.7322620615
-0.0639300176085
0 0 0

00000069.jpg
C:\Users\v_i_b\PycharmProjects\pythonProject1\imgs\00841.jpg
1452.17346191
960 540
-4.58973922213 -3.66694097626 4.9662199531
3.28643002957 0.155284581946 -6.95347202639
0.652622983525 -0.167933803261 -0.131258484891
0.941657864403 0.319940557305 -0.0823275244084 -0.0643478913052
0.978163149939 0.0685076478994 -0.196223740559
-0.173867143722 0.786994753624 -0.591953920518
0.113873702705 0.613144247194 0.781720230803
-0.073957143674
0 0 0

00000070.jpg
C:\Users\v_i_b\PycharmProjects\pythonProject1\imgs\00141.jpg
1514.19873047
960 540
-5.91731207552 -2.65312634542 3.77897954033
1.75705516525 -0.0809883084686 -7.29661477549
0.649489148351 -0.629553637468 -0.278815501825
0.890085605946 0.312756993878 -0.303157186905 -0.134261670759
0.780138810217 0.0493794661691 -0.623654180585
-0.428638056121 0.768313557063 -0.475356254651
0.455689213027 0.638165738988 0.620557176366
-0.0411065709186
0 0 0

00000071.jpg
C:\Users\v_i_b\PycharmProjects\pythonProject1\imgs\00131.jpg
1509.83642578
960 540
-5.75824290261 -3.00653907076 4.07998738344
2.079175747 -0.0632726654697 -7.38349536329
0.661106974051 -0.538998899242 -0.235396144079
0.903711898488 0.319874317789 -0.260792749058 -0.113895608356
0.838029766447 0.039015802659 -0.544227384601
-0.372699463167 0.769416094328 -0.518742082738
0.398498656851 0.637554825289 0.6593349211
-0.0518618331895
0 0 0

00000072.jpg
C:\Users\v_i_b\PycharmProjects\pythonProject1\imgs\00121.jpg
1508.4831543
960 540
-5.46160149139 -3.38454417084 4.50657420271
2.46038958202 -0.0170797896642 -7.45249024757
0.663321021246 -0.420840888376 -0.189830269087
0.919462753459 0.322708090708 -0.204740623664 -0.0923531167164
0.899104402743 0.0376876711887 -0.43610900186
-0.301973332758 0.774660925763 -0.55561927905
0.316896508458 0.631252999532 0.707881691487
-0.0484358771672
0 0 0

00000073.jpg
C:\Users\v_i_b\PycharmProjects\pythonProject1\imgs\00111.jpg
1506.23706055
960 540
-5.24855953757 -3.69857922858 4.7597563925
2.69596588813 -0.00258689280927 -7.52422135852
0.677193921165 -0.345481657627 -0.162749829714
0.925392064419 0.330133642423 -0.168423127347 -0.0793409279204
0.93067749103 0.0356386186639 -0.364101058656
-0.258047241661 0.769433693966 -0.584280555108
0.259328643389 0.637731656475 0.725290706562
-0.0496877709074
0 0 0

00000074.jpg
C:\Users\v_i_b\PycharmProjects\pythonProject1\imgs\00101.jpg
1504.07067871
960 540
-5.00448987293 -4.06064791946 4.97144742073
2.90603010484 0.0260584340253 -7.60285452776
0.690108288084 -0.27693597918 -0.125728489355
0.92974453722 0.336935003477 -0.135209831151 -0.0613850459839
0.955900249221 0.0230309846978 -0.292786717403
-0.205258659984 0.765413524969 -0.609927530492
0.210055690163 0.643126385032 0.736385843773
-0.0511769880826
0 0 0

00000075.jpg
C:\Users\v_i_b\PycharmProjects\pythonProject1\imgs\00091.jpg
1511.65380859
960 540
-4.849789953 -4.36206295336 5.19210624478
3.15655971028 0.0220905934003 -7.71632286539
0.699255841 -0.218727140968 -0.0929917660433
0.932590312107 0.341735933697 -0.106894957984 -0.0454463532968
0.97301611186 0.0117062170063 -0.230439800224
-0.157825098214 0.76230255403 -0.627683375667
0.16831700869 0.64711510859 0.743580095053
-0.0428874204677
0 0 0

00000076.jpg
C:\Users\v_i_b\PycharmProjects\pythonProject1\imgs\00071.jpg
1509.0168457
960 540
-4.38710224892 -4.60124594044 6.01979440458
3.79524787778 -0.0384630034364 -7.88990981338
0.679572672542 -0.0601177834331 -0.0659204259402
0.941850115044 0.333174265179 -0.0294739608122 -0.0323188238143
0.996173638581 0.0412391584693 -0.0770557024694
-0.0805187932411 0.775900526108 -0.625695134797
0.0339845110575 0.629505745157 0.776252392141
-0.0412566084776
0 0 0

00000077.jpg
C:\Users\v_i_b\PycharmProjects\pythonProject1\imgs\00061.jpg
1481.99060059
960 540
-4.1691092364 -4.67564908702 6.34207106983
4.0865461383 -0.158820267412 -7.92085536589
0.675454953393 0.00178847700235 -0.0407994933353
0.943305510264 0.331320593065 0.000877274284725 -0.0200127517915
0.999197452737 0.0383376787998 -0.011606264812
-0.0371748773623 0.779651902461 -0.625108051272
-0.0149164154792 0.625038113138 0.780451787581
-0.0622454488327
0 0 0

00000078.jpg
C:\Users\v_i_b\PycharmProjects\pythonProject1\imgs\00051.jpg
1480.9375
960 540
-3.90845757968 -4.85895973565 6.54302903092
4.30500525399 -0.237687381528 -7.94400410099
0.678654441489 0.0539809969582 -0.0042847890149
0.942619279079 0.332811767474 0.0264722514277 -0.00210125819286
0.998589668346 0.021581993453 0.0485078326643
0.0136592475213 0.778463866303 -0.627540919909
-0.0513051855613 0.62731823339 0.777070886516
-0.0703371567817
0 0 0

00000079.jpg
C:\Users\v_i_b\PycharmProjects\pythonProject1\imgs\00041.jpg
1479.76538086
960 540
-3.49730167781 -5.04826640302 6.69055997894
4.44796637787 -0.298616528143 -7.91240374441
0.686072531654 0.115094887198 0.0301396960852
0.940003383508 0.336148088253 0.0563918893618 0.0147672450828
0.993203802799 0.0101494758598 0.115945125123
0.0656745172317 0.773572813751 -0.630295185572
-0.0960891420866 0.633626175698 0.767648827479
-0.067050575852
0 0 0

00000080.jpg
C:\Users\v_i_b\PycharmProjects\pythonProject1\imgs\00031.jpg
1481.74841309
960 540
-3.12413603991 -5.16992364548 6.77001492087
4.5141342203 -0.355690915563 -7.86241179129
0.695660235625 0.164779056012 0.0516852551269
0.936463621194 0.3404318111 0.0806371121948 0.0252929578391
0.985715942464 0.00753098668143 0.168248542435
0.102274726236 0.766932775327 -0.633524795846
-0.133806345919 0.641683230524 0.755207737487
-0.0587767432389
0 0 0

00000081.jpg
C:\Users\v_i_b\PycharmProjects\pythonProject1\imgs\00021.jpg
1492.42736816
960 540
-2.95306151379 -5.20296621971 6.84378909213
4.5356436104 -0.420336516035 -7.86639475298
0.702768649264 0.18793413277 0.0541538027993
0.934217112365 0.343644968689 0.0918974106757 0.0264805236928
0.981707076761 0.0136830898493 0.189904074331
0.112637323362 0.762413604026 -0.637211060367
-0.15350446021 0.646944980944 0.746925771356
-0.0420374183075
0 0 0

00000082.jpg
C:\Users\v_i_b\PycharmProjects\pythonProject1\imgs\00011.jpg
1487.46411133
960 540
-2.91881075069 -5.25009254924 6.81357369287
4.53017845408 -0.440796826238 -7.86071946545
0.711824711403 0.191344520803 0.0554755765532
0.93247579182 0.347864801653 0.0935090096065 0.0271106076049
0.98104226171 0.0144970420557 0.193251460302
0.115616983228 0.756509958549 -0.643680797144
-0.155528090798 0.653821228329 0.740492189061
-0.0529941233563
0 0 0

00000083.jpg
C:\Users\v_i_b\PycharmProjects\pythonProject1\imgs\00001.jpg
1489.31884766
960 540
-2.94455625849 -5.26955553186 6.80463947589
4.53830309605 -0.441990652422 -7.87084483408
0.713183100449 0.188256636429 0.0575846434801
0.932353388324 0.348513955156 0.0919961015688 0.0281401113443
0.981489712249 0.0116508005866 0.191160164902
0.116596913225 0.755492224559 -0.644698759507
-0.151931343139 0.655053908364 0.740149426066
-0.0530448670137
0 0 0

00000084.jpg
C:\Users\v_i_b\PycharmProjects\pythonProject1\imgs\00081.jpg
1510.95947266
960 540
-4.60701434678 -4.50919173364 5.62052536898
3.44505143535 -0.00949304425571 -7.82810563644
0.693728014224 -0.13727996427 -0.084147115
0.937268909122 0.339580159842 -0.067198601259 -0.0411900488031
0.987575432251 0.0315736486458 -0.153940936976
-0.122850959788 0.765977292511 -0.631019980407
0.0979917018099 0.642091723492 0.760339307265
-0.0504594463596
0 0 0

